700
here
tree => 0
here
tree => 1
here
tree => 2
here
tree => 3
here
tree => 4
here
tree => 5
here
tree => 6
here
tree => 7
here
tree => 8
here
tree => 9
here
tree => 10
here
tree => 11
here
tree => 12
here
tree => 13
here
tree => 14
here
tree => 15
here
tree => 16
here
tree => 17
here
tree => 18
here
tree => 19
here
tree => 20
here
tree => 21
here
tree => 22
here
tree => 23
here
tree => 24
here
tree => 25
here
tree => 26
here
tree => 27
here
tree => 28
here
tree => 29
here
tree => 30
here
tree => 31
here
tree => 32
here
tree => 33
here
tree => 34
here
tree => 35
here
tree => 36
here
tree => 37
here
tree => 38
here
tree => 39
515
85
0
0
predicted: 
[[[0.0], [0.0], [0.0], [0.0], [1], [0.0], [0.0], [0.0], [0.0], [0.0], [0.0], [0.0], [0.0], [0.0], [0.0], [1], [0.0], [0.0], [0.0], [0.0], [0.0], [0.0], [1], [0.0], [0.0], [0.0], [0.0], [0.0], [0.0], [1], [0.0], [0.0], [0.0], [0.0], [0.0], [0.0], [0.0], [0.0], [0.0], [0.0], [0.0], [1], [0.0], [0.0], [0.0], [0.0], [0.0], [0.0], [0.0], [0.0], [1], [0.0], [0.0], [0.0], [0.0], [0.0], [0.0], [0.0], [1], [0.0], [0.0], [0.0], [0.0], [0.0], [0.0], [0.0], [0.0], [0.0], [0.0], [0.0], [0.0], [0.0], [0.0], [0.0], [0.0], [1], [0.0], [0.0], [0.0], [1], [0.0], [0.0], [0.0], [0.0], [0.0], [1], [0.0], [0.0], [0.0], [0.0], [0.0], [0.0], [0.0], [0.0], [0.0], [0.0], [0.0], [0.0], [0.0], [0.0], [0.0], [0.0], [0.0], [1], [0.0], [0.0], [1], [0.0], [0.0], [0.0], [1], [0.0], [0.0], [0.0], [0.0], [0.0], [0.0], [0.0], [0.0], [0.0], [0.0], [1], [0.0], [1], [0.0], [0.0], [1], [0.0], [0.0], [0.0], [0.0], [0.0], [0.0], [0.0], [0.0], [0.0], [0.0], [0.0], [1], [0.0], [0.0], [0.0], [0.0], [0.0], [0.0], [0.0], [0.0], [0.0], [0.0], [0.0], [0.0], [0.0], [0.0], [0.0], [0.0], [0.0], [1], [0.0], [0.0], [0.0], [1], [0.0], [0.0], [0.0], [0.0], [0.0], [1], [0.0], [1], [0.0], [0.0], [0.0], [0.0], [0.0], [0.0], [1], [0.0], [1], [0.0], [0.0], [0.0], [0.0], [0.0], [0.0], [0.0], [0.0], [1], [0.0], [0.0], [0.0], [0.0], [0.0], [0.0], [0.0], [0.0], [0.0], [1], [0.0], [0.0], [0.0], [1], [0.0], [0.0], [0.0], [0.0], [1], [0.0], [0.0], [1], [1], [1], [0.0], [0.0], [0.0], [1], [0.0], [1], [1], [0.0], [0.0], [0.0], [0.0], [0.0], [0.0], [0.0], [0.0], [0.0], [0.0], [0.0], [1], [0.0], [0.0], [0.0], [0.0], [0.0], [0.0], [0.0], [0.0], [0.0], [0.0], [0.0], [0.0], [0.0], [0.0], [0.0], [0.0], [0.0], [0.0], [0.0], [0.0], [0.0], [0.0], [0.0], [0.0], [0.0], [0.0], [0.0], [0.0], [0.0], [0.0], [0.0], [0.0], [0.0], [1], [0.0], [0.0], [0.0], [1], [0.0], [0.0], [1], [0.0], [0.0], [0.0], [0.0], [1], [0.0], [0.0], [0.0], [0.0], [0.0], [0.0], [0.0], [0.0], [0.0], [0.0], [1], [1], [0.0], [0.0], [0.0], [0.0], [0.0], [0.0], [1], [1], [1], [0.0], [1], [0.0], [0.0], [0.0], [0.0], [0.0], [1], [0.0], [0.0], [0.0], [0.0], [0.0], [0.0], [0.0], [0.0], [0.0], [1], [0.0], [0.0], [0.0], [1], [0.0], [0.0], [0.0], [0.0], [0.0], [0.0], [0.0], [0.0], [0.0], [0.0], [0.0], [0.0], [0.0], [1], [0.0], [0.0], [0.0], [0.0], [0.0], [0.0], [0.0], [0.0], [0.0], [0.0], [1], [0.0], [0.0], [1], [0.0], [0.0], [0.0], [1], [0.0], [0.0], [0.0], [0.0], [1], [0.0], [0.0], [1], [0.0], [0.0], [1], [0.0], [0.0], [0.0], [0.0], [0.0], [0.0], [0.0], [1], [0.0], [1], [0.0], [0.0], [0.0], [0.0], [1], [1], [0.0], [0.0], [0.0], [0.0], [0.0], [0.0], [0.0], [1], [0.0], [0.0], [0.0], [0.0], [0.0], [0.0], [0.0], [0.0], [0.0], [0.0], [0.0], [0.0], [0.0], [0.0], [1], [0.0], [0.0], [0.0], [0.0], [0.0], [0.0], [0.0], [0.0], [0.0], [0.0], [0.0], [0.0], [0.0], [0.0], [0.0], [0.0], [0.0], [0.0], [1], [1], [0.0], [1], [0.0], [0.0], [0.0], [0.0], [0.0], [0.0], [0.0], [0.0], [0.0], [0.0], [0.0], [0.0], [1], [0.0], [0.0], [0.0], [0.0], [0.0], [0.0], [0.0], [0.0], [0.0], [1], [0.0], [0.0], [1], [0.0], [0.0], [0.0], [0.0], [0.0], [1], [0.0], [0.0], [0.0], [0.0], [0.0], [0.0], [0.0], [0.0], [0.0], [1], [0.0], [0.0], [0.0], [0.0], [0.0], [0.0], [0.0], [0.0], [0.0], [0.0], [0.0], [0.0], [0.0], [0.0], [0.0], [0.0], [0.0], [0.0], [0.0], [0.0], [0.0], [0.0], [0.0], [1], [0.0], [1], [0.0], [0.0], [0.0], [1], [0.0], [0.0], [0.0], [0.0], [0.0], [0.0], [0.0], [0.0], [0.0], [0.0], [0.0], [0.0], [0.0], [0.0], [0.0], [0.0], [0.0], [0.0], [0.0], [0.0], [0.0], [0.0], [0.0], [0.0], [0.0], [0.0], [1], [0.0], [0.0], [0.0], [1], [1], [0.0], [0.0], [0.0], [0.0], [0.0], [0.0], [0.0], [1], [0.0], [0.0], [0.0], [0.0], [0.0], [1], [0.0], [1], [0.0], [1], [0.0], [0.0], [0.0], [0.0], [0.0], [0.0], [0.0], [0.0], [0.0], [0.0], [0.0], [0.0], [0.0], [1], [0.0], [0.0], [0.0], [0.0], [0.0], [0.0], [1], [0.0], [0.0], [0.0], [0.0], [0.0], [0.0], [0.0], [0.0], [0.0], [0.0], [1], [0.0], [0.0], [0.0], [0.0], [0.0], [0.0], [0.0], [0.0], [0.0], [0.0], [0.0], [0.0], [1], [1], [0.0], [1], [0.0], [0.0], [0.0], [0.0], [0.0], [1], [0.0]], 0, 0]
actual: 
[0.0, 0.0, 0.0, 0.0, 0.0, 0.0, 0.0, 0.0, 0.0, 0.0, 0.0, 0.0, 0.0, 0.0, 0.0, 0.0, 0.0, 0.0, 0.0, 0.0, 0.0, 0.0, 0.0, 0.0, 0.0, 0.0, 0.0, 0.0, 0.0, 0.0, 0.0, 0.0, 0.0, 0.0, 0.0, 0.0, 0.0, 0.0, 0.0, 0.0, 0.0, 0.0, 0.0, 0.0, 0.0, 0.0, 0.0, 0.0, 0.0, 0.0, 0.0, 0.0, 0.0, 0.0, 0.0, 0.0, 0.0, 0.0, 0.0, 0.0, 0.0, 0.0, 0.0, 0.0, 0.0, 0.0, 0.0, 0.0, 0.0, 0.0, 0.0, 0.0, 0.0, 0.0, 0.0, 0.0, 0.0, 0.0, 0.0, 0.0, 0.0, 0.0, 0.0, 0.0, 0.0, 0.0, 0.0, 0.0, 0.0, 0.0, 0.0, 0.0, 0.0, 0.0, 0.0, 0.0, 0.0, 0.0, 0.0, 0.0, 0.0, 0.0, 0.0, 0.0, 0.0, 0.0, 0.0, 0.0, 0.0, 0.0, 0.0, 0.0, 0.0, 0.0, 0.0, 0.0, 0.0, 0.0, 0.0, 0.0, 0.0, 0.0, 0.0, 0.0, 0.0, 0.0, 0.0, 0.0, 0.0, 0.0, 0.0, 0.0, 0.0, 0.0, 0.0, 0.0, 0.0, 0.0, 0.0, 0.0, 0.0, 0.0, 0.0, 0.0, 0.0, 0.0, 0.0, 0.0, 0.0, 0.0, 0.0, 0.0, 0.0, 0.0, 0.0, 0.0, 0.0, 0.0, 0.0, 0.0, 0.0, 0.0, 0.0, 0.0, 0.0, 0.0, 0.0, 0.0, 0.0, 0.0, 0.0, 0.0, 0.0, 0.0, 0.0, 0.0, 0.0, 0.0, 0.0, 0.0, 0.0, 0.0, 0.0, 0.0, 0.0, 0.0, 0.0, 0.0, 0.0, 0.0, 0.0, 0.0, 0.0, 0.0, 0.0, 0.0, 0.0, 0.0, 0.0, 0.0, 0.0, 0.0, 0.0, 0.0, 0.0, 0.0, 0.0, 0.0, 0.0, 0.0, 0.0, 0.0, 0.0, 0.0, 0.0, 0.0, 0.0, 0.0, 0.0, 0.0, 0.0, 0.0, 0.0, 0.0, 0.0, 0.0, 0.0, 0.0, 0.0, 0.0, 0.0, 0.0, 0.0, 0.0, 0.0, 0.0, 0.0, 0.0, 0.0, 0.0, 0.0, 0.0, 0.0, 0.0, 0.0, 0.0, 0.0, 0.0, 0.0, 0.0, 0.0, 0.0, 0.0, 0.0, 0.0, 0.0, 0.0, 0.0, 0.0, 0.0, 0.0, 0.0, 0.0, 0.0, 0.0, 0.0, 0.0, 0.0, 0.0, 0.0, 0.0, 0.0, 0.0, 0.0, 0.0, 0.0, 0.0, 0.0, 0.0, 0.0, 0.0, 0.0, 0.0, 0.0, 0.0, 0.0, 0.0, 0.0, 0.0, 0.0, 0.0, 0.0, 0.0, 0.0, 0.0, 0.0, 0.0, 0.0, 0.0, 0.0, 0.0, 0.0, 0.0, 0.0, 0.0, 0.0, 0.0, 0.0, 0.0, 0.0, 0.0, 0.0, 0.0, 0.0, 0.0, 0.0, 0.0, 0.0, 0.0, 0.0, 0.0, 0.0, 0.0, 0.0, 0.0, 0.0, 0.0, 0.0, 0.0, 0.0, 0.0, 0.0, 0.0, 0.0, 0.0, 0.0, 0.0, 0.0, 0.0, 0.0, 0.0, 0.0, 0.0, 0.0, 0.0, 0.0, 0.0, 0.0, 0.0, 0.0, 0.0, 0.0, 0.0, 0.0, 0.0, 0.0, 0.0, 0.0, 0.0, 0.0, 0.0, 0.0, 0.0, 0.0, 0.0, 0.0, 0.0, 0.0, 0.0, 0.0, 0.0, 0.0, 0.0, 0.0, 0.0, 0.0, 0.0, 0.0, 0.0, 0.0, 0.0, 0.0, 0.0, 0.0, 0.0, 0.0, 0.0, 0.0, 0.0, 0.0, 0.0, 0.0, 0.0, 0.0, 0.0, 0.0, 0.0, 0.0, 0.0, 0.0, 0.0, 0.0, 0.0, 0.0, 0.0, 0.0, 0.0, 0.0, 0.0, 0.0, 0.0, 0.0, 0.0, 0.0, 0.0, 0.0, 0.0, 0.0, 0.0, 0.0, 0.0, 0.0, 0.0, 0.0, 0.0, 0.0, 0.0, 0.0, 0.0, 0.0, 0.0, 0.0, 0.0, 0.0, 0.0, 0.0, 0.0, 0.0, 0.0, 0.0, 0.0, 0.0, 0.0, 0.0, 0.0, 0.0, 0.0, 0.0, 0.0, 0.0, 0.0, 0.0, 0.0, 0.0, 0.0, 0.0, 0.0, 0.0, 0.0, 0.0, 0.0, 0.0, 0.0, 0.0, 0.0, 0.0, 0.0, 0.0, 0.0, 0.0, 0.0, 0.0, 0.0, 0.0, 0.0, 0.0, 0.0, 0.0, 0.0, 0.0, 0.0, 0.0, 0.0, 0.0, 0.0, 0.0, 0.0, 0.0, 0.0, 0.0, 0.0, 0.0, 0.0, 0.0, 0.0, 0.0, 0.0, 0.0, 0.0, 0.0, 0.0, 0.0, 0.0, 0.0, 0.0, 0.0, 0.0, 0.0, 0.0, 0.0, 0.0, 0.0, 0.0, 0.0, 0.0, 0.0, 0.0, 0.0, 0.0, 0.0, 0.0, 0.0, 0.0, 0.0, 0.0, 0.0, 0.0, 0.0, 0.0, 0.0, 0.0, 0.0, 0.0, 0.0, 0.0, 0.0, 0.0, 0.0, 0.0, 0.0, 0.0, 0.0, 0.0, 0.0, 0.0, 0.0, 0.0, 0.0, 0.0, 0.0, 0.0, 0.0, 0.0, 0.0, 0.0, 0.0, 0.0, 0.0, 0.0, 0.0, 0.0, 0.0, 0.0, 0.0, 0.0, 0.0, 0.0, 0.0, 0.0, 0.0, 0.0, 0.0, 0.0, 0.0, 0.0, 0.0, 0.0, 0.0, 0.0, 0.0, 0.0, 0.0, 0.0, 0.0, 0.0, 0.0, 0.0, 0.0, 0.0, 0.0, 0.0, 0.0, 0.0, 0.0, 0.0, 0.0, 0.0, 0.0, 0.0, 0.0]
here
tree => 0
here
tree => 1
here
tree => 2
here
tree => 3
here
tree => 4
here
tree => 5
here
tree => 6
here
tree => 7
here
tree => 8
here
tree => 9
here
tree => 10
here
tree => 11
here
tree => 12
here
tree => 13
here
tree => 14
here
tree => 15
here
tree => 16
here
tree => 17
here
tree => 18
here
tree => 19
here
tree => 20
here
tree => 21
here
tree => 22
here
tree => 23
here
tree => 24
here
tree => 25
here
tree => 26
here
tree => 27
here
tree => 28
here
tree => 29
here
tree => 30
here
tree => 31
here
tree => 32
here
tree => 33
here
tree => 34
here
tree => 35
here
tree => 36
here
tree => 37
here
tree => 38
here
tree => 39
181
19
180
320
predicted: 
[[[0.0], [0.0], [0.0], [1], [0.0], [0.0], [0.0], [0.0], [0.0], [0.0], [0.0], [1], [0.0], [1], [0.0], [0.0], [1], [0.0], [0.0], [0.0], [0.0], [0.0], [0.0], [0.0], [0.0], [0.0], [1], [0.0], [0.0], [0.0], [0.0], [0.0], [0.0], [0.0], [0.0], [0.0], [0.0], [0.0], [0.0], [0.0], [0.0], [0.0], [1], [0.0], [0.0], [0.0], [0.0], [0.0], [0.0], [0.0], [0.0], [0.0], [0.0], [0.0], [0.0], [0.0], [0.0], [0.0], [0.0], [1], [0.0], [0.0], [1], [0.0], [0.0], [0.0], [0.0], [0.0], [0.0], [0.0], [0.0], [0.0], [0.0], [0.0], [0.0], [0.0], [0.0], [0.0], [0.0], [0.0], [0.0], [0.0], [0.0], [0.0], [0.0], [0.0], [0.0], [0.0], [1], [0.0], [0.0], [0.0], [0.0], [0.0], [0.0], [0.0], [0.0], [0.0], [0.0], [0.0], [0.0], [0.0], [0.0], [0.0], [0.0], [0.0], [0.0], [0.0], [1], [0.0], [1], [0.0], [0.0], [0.0], [0.0], [0.0], [0.0], [0.0], [0.0], [0.0], [0.0], [1], [0.0], [0.0], [0.0], [0.0], [1], [0.0], [0.0], [0.0], [0.0], [0.0], [1], [0.0], [0.0], [0.0], [0.0], [0.0], [0.0], [0.0], [0.0], [0.0], [0.0], [0.0], [0.0], [0.0], [1], [0.0], [0.0], [0.0], [0.0], [0.0], [0.0], [1], [0.0], [0.0], [1], [0.0], [0.0], [0.0], [0.0], [0.0], [0.0], [0.0], [0.0], [0.0], [0.0], [0.0], [0.0], [0.0], [0.0], [0.0], [0.0], [0.0], [0.0], [0.0], [0.0], [0.0], [0.0], [0.0], [1], [0.0], [0.0], [0.0], [0.0], [1], [0.0], [0.0], [0.0], [0.0], [0.0], [0.0], [0.0], [0.0], [0.0], [0.0], [0.0], [0.0], [0.0], [0.0], [0.0], [0.0], [0.0], [1], [1], [0.0], [1], [1], [1], [1], [0.0], [0.0], [0.0], [1], [0.0], [0.0], [0.0], [1], [0.0], [0.0], [0.0], [1], [0.0], [0.0], [0.0], [0.0], [1], [0.0], [0.0], [1], [0.0], [0.0], [1], [0.0], [0.0], [1], [0.0], [1], [1], [0.0], [1], [0.0], [1], [0.0], [0.0], [0.0], [1], [0.0], [1], [0.0], [0.0], [0.0], [1], [1], [1], [0.0], [0.0], [0.0], [0.0], [1], [0.0], [1], [1], [1], [0.0], [0.0], [1], [1], [1], [0.0], [0.0], [0.0], [0.0], [0.0], [1], [0.0], [0.0], [1], [0.0], [0.0], [0.0], [0.0], [0.0], [1], [0.0], [1], [0.0], [0.0], [1], [1], [0.0], [0.0], [1], [0.0], [0.0], [0.0], [1], [0.0], [0.0], [0.0], [0.0], [0.0], [0.0], [1], [0.0], [0.0], [0.0], [0.0], [0.0], [1], [1], [0.0], [0.0], [1], [0.0], [1], [1], [1], [0.0], [1], [0.0], [1], [1], [1], [0.0], [0.0], [0.0], [0.0], [0.0], [1], [1], [0.0], [0.0], [0.0], [1], [1], [1], [0.0], [1], [0.0], [0.0], [1], [1], [0.0], [0.0], [0.0], [0.0], [1], [0.0], [1], [1], [1], [1], [0.0], [0.0], [0.0], [1], [0.0], [0.0], [0.0], [0.0], [0.0], [0.0], [1], [1], [0.0], [0.0], [0.0], [0.0], [0.0], [1], [0.0], [1], [0.0], [1], [1], [1], [0.0], [0.0], [0.0], [0.0], [0.0], [0.0], [0.0], [1], [1], [0.0], [1], [0.0], [0.0], [0.0], [0.0], [0.0], [1], [1], [0.0], [0.0], [0.0], [0.0], [1], [0.0], [0.0], [1], [1], [1], [0.0], [0.0], [0.0], [0.0], [1], [0.0], [0.0], [0.0], [0.0], [0.0], [1], [1], [0.0], [0.0], [0.0], [0.0], [1], [1], [0.0], [0.0], [1], [0.0], [0.0], [1], [0.0], [0.0], [0.0], [1], [1], [1], [0.0], [1], [1], [0.0], [0.0], [0.0], [1], [0.0], [1], [0.0], [1], [0.0], [1], [0.0], [0.0], [0.0], [0.0], [1], [1], [1], [0.0], [0.0], [0.0], [0.0], [1], [0.0], [0.0], [0.0], [0.0], [0.0], [1], [1], [1], [0.0], [0.0], [1], [0.0], [0.0], [0.0], [1], [1], [1], [1], [1], [1], [1], [1], [0.0], [1], [0.0], [0.0], [0.0], [0.0], [0.0], [0.0], [1], [1], [1], [0.0], [1], [1], [0.0], [0.0], [0.0], [0.0], [0.0], [1], [0.0], [1], [0.0], [0.0], [1], [0.0], [0.0], [0.0], [0.0], [0.0], [1], [0.0], [0.0], [1], [0.0], [0.0], [1], [1], [0.0], [0.0], [0.0], [0.0], [0.0], [1], [0.0], [0.0], [0.0], [0.0], [0.0], [0.0], [0.0], [0.0], [0.0], [0.0], [0.0], [0.0], [1], [1], [0.0], [1], [0.0], [0.0], [0.0], [1], [0.0], [1], [1], [0.0], [0.0], [0.0], [0.0], [1], [1], [0.0], [0.0], [1], [0.0], [1], [0.0], [0.0], [0.0], [0.0], [1], [1], [0.0], [1], [0.0], [0.0], [0.0], [0.0], [0.0], [1], [1], [0.0], [0.0], [0.0], [1], [0.0], [0.0], [0.0], [0.0], [0.0], [1], [1], [0.0], [0.0], [1], [0.0], [0.0], [0.0], [0.0], [0.0], [0.0], [0.0], [1], [0.0], [0.0], [1], [0.0], [1], [1], [0.0], [1], [0.0], [1], [1], [0.0], [0.0], [0.0], [0.0], [0.0], [1], [1], [0.0], [0.0], [0.0], [1], [0.0], [1], [1], [1], [0.0], [0.0], [0.0], [0.0], [0.0], [0.0], [0.0], [1], [0.0], [0.0], [0.0], [0.0], [0.0], [0.0], [0.0], [1], [0.0], [1], [0.0], [1], [0.0], [0.0], [1], [0.0], [0.0], [1], [0.0], [0.0], [1], [1], [0.0], [0.0], [0.0], [1], [0.0], [0.0], [0.0], [0.0], [0.0], [0.0], [0.0], [1], [1], [0.0], [1], [0.0], [0.0], [0.0], [0.0], [0.0], [0.0], [0.0], [0.0], [0.0], [0.0], [1], [0.0], [1], [0.0], [0.0], [0.0], [1], [1], [0.0], [0.0], [0.0], [0.0], [1], [1], [1], [1], [1], [0.0], [0.0], [1], [1], [1]], 0, 0]
actual: 
[0.0, 0.0, 0.0, 0.0, 0.0, 0.0, 0.0, 0.0, 0.0, 0.0, 0.0, 0.0, 0.0, 0.0, 0.0, 0.0, 0.0, 0.0, 0.0, 0.0, 0.0, 0.0, 0.0, 0.0, 0.0, 0.0, 0.0, 0.0, 0.0, 0.0, 0.0, 0.0, 0.0, 0.0, 0.0, 0.0, 0.0, 0.0, 0.0, 0.0, 0.0, 0.0, 0.0, 0.0, 0.0, 0.0, 0.0, 0.0, 0.0, 0.0, 0.0, 0.0, 0.0, 0.0, 0.0, 0.0, 0.0, 0.0, 0.0, 0.0, 0.0, 0.0, 0.0, 0.0, 0.0, 0.0, 0.0, 0.0, 0.0, 0.0, 0.0, 0.0, 0.0, 0.0, 0.0, 0.0, 0.0, 0.0, 0.0, 0.0, 0.0, 0.0, 0.0, 0.0, 0.0, 0.0, 0.0, 0.0, 0.0, 0.0, 0.0, 0.0, 0.0, 0.0, 0.0, 0.0, 0.0, 0.0, 0.0, 0.0, 0.0, 0.0, 0.0, 0.0, 0.0, 0.0, 0.0, 0.0, 0.0, 0.0, 0.0, 0.0, 0.0, 0.0, 0.0, 0.0, 0.0, 0.0, 0.0, 0.0, 0.0, 0.0, 0.0, 0.0, 0.0, 0.0, 0.0, 0.0, 0.0, 0.0, 0.0, 0.0, 0.0, 0.0, 0.0, 0.0, 0.0, 0.0, 0.0, 0.0, 0.0, 0.0, 0.0, 0.0, 0.0, 0.0, 0.0, 0.0, 0.0, 0.0, 0.0, 0.0, 0.0, 0.0, 0.0, 0.0, 0.0, 0.0, 0.0, 0.0, 0.0, 0.0, 0.0, 0.0, 0.0, 0.0, 0.0, 0.0, 0.0, 0.0, 0.0, 0.0, 0.0, 0.0, 0.0, 0.0, 0.0, 0.0, 0.0, 0.0, 0.0, 0.0, 0.0, 0.0, 0.0, 0.0, 0.0, 0.0, 0.0, 0.0, 0.0, 0.0, 0.0, 0.0, 0.0, 0.0, 0.0, 0.0, 0.0, 0.0, 1.0, 1.0, 1.0, 1.0, 1.0, 1.0, 1.0, 1.0, 1.0, 1.0, 1.0, 1.0, 1.0, 1.0, 1.0, 1.0, 1.0, 1.0, 1.0, 1.0, 1.0, 1.0, 1.0, 1.0, 1.0, 1.0, 1.0, 1.0, 1.0, 1.0, 1.0, 1.0, 1.0, 1.0, 1.0, 1.0, 1.0, 1.0, 1.0, 1.0, 1.0, 1.0, 1.0, 1.0, 1.0, 1.0, 1.0, 1.0, 1.0, 1.0, 1.0, 1.0, 1.0, 1.0, 1.0, 1.0, 1.0, 1.0, 1.0, 1.0, 1.0, 1.0, 1.0, 1.0, 1.0, 1.0, 1.0, 1.0, 1.0, 1.0, 1.0, 1.0, 1.0, 1.0, 1.0, 1.0, 1.0, 1.0, 1.0, 1.0, 1.0, 1.0, 1.0, 1.0, 1.0, 1.0, 1.0, 1.0, 1.0, 1.0, 1.0, 1.0, 1.0, 1.0, 1.0, 1.0, 1.0, 1.0, 1.0, 1.0, 1.0, 1.0, 1.0, 1.0, 1.0, 1.0, 1.0, 1.0, 1.0, 1.0, 1.0, 1.0, 1.0, 1.0, 1.0, 1.0, 1.0, 1.0, 1.0, 1.0, 1.0, 1.0, 1.0, 1.0, 1.0, 1.0, 1.0, 1.0, 1.0, 1.0, 1.0, 1.0, 1.0, 1.0, 1.0, 1.0, 1.0, 1.0, 1.0, 1.0, 1.0, 1.0, 1.0, 1.0, 1.0, 1.0, 1.0, 1.0, 1.0, 1.0, 1.0, 1.0, 1.0, 1.0, 1.0, 1.0, 1.0, 1.0, 1.0, 1.0, 1.0, 1.0, 1.0, 1.0, 1.0, 1.0, 1.0, 1.0, 1.0, 1.0, 1.0, 1.0, 1.0, 1.0, 1.0, 1.0, 1.0, 1.0, 1.0, 1.0, 1.0, 1.0, 1.0, 1.0, 1.0, 1.0, 1.0, 1.0, 1.0, 1.0, 1.0, 1.0, 1.0, 1.0, 1.0, 1.0, 1.0, 1.0, 1.0, 1.0, 1.0, 1.0, 1.0, 1.0, 1.0, 1.0, 1.0, 1.0, 1.0, 1.0, 1.0, 1.0, 1.0, 1.0, 1.0, 1.0, 1.0, 1.0, 1.0, 1.0, 1.0, 1.0, 1.0, 1.0, 1.0, 1.0, 1.0, 1.0, 1.0, 1.0, 1.0, 1.0, 1.0, 1.0, 1.0, 1.0, 1.0, 1.0, 1.0, 1.0, 1.0, 1.0, 1.0, 1.0, 1.0, 1.0, 1.0, 1.0, 1.0, 1.0, 1.0, 1.0, 1.0, 1.0, 1.0, 1.0, 1.0, 1.0, 1.0, 1.0, 1.0, 1.0, 1.0, 1.0, 1.0, 1.0, 1.0, 1.0, 1.0, 1.0, 1.0, 1.0, 1.0, 1.0, 1.0, 1.0, 1.0, 1.0, 1.0, 1.0, 1.0, 1.0, 1.0, 1.0, 1.0, 1.0, 1.0, 1.0, 1.0, 1.0, 1.0, 1.0, 1.0, 1.0, 1.0, 1.0, 1.0, 1.0, 1.0, 1.0, 1.0, 1.0, 1.0, 1.0, 1.0, 1.0, 1.0, 1.0, 1.0, 1.0, 1.0, 1.0, 1.0, 1.0, 1.0, 1.0, 1.0, 1.0, 1.0, 1.0, 1.0, 1.0, 1.0, 1.0, 1.0, 1.0, 1.0, 1.0, 1.0, 1.0, 1.0, 1.0, 1.0, 1.0, 1.0, 1.0, 1.0, 1.0, 1.0, 1.0, 1.0, 1.0, 1.0, 1.0, 1.0, 1.0, 1.0, 1.0, 1.0, 1.0, 1.0, 1.0, 1.0, 1.0, 1.0, 1.0, 1.0, 1.0, 1.0, 1.0, 1.0, 1.0, 1.0, 1.0, 1.0, 1.0, 1.0, 1.0, 1.0, 1.0, 1.0, 1.0, 1.0, 1.0, 1.0, 1.0, 1.0, 1.0, 1.0, 1.0, 1.0, 1.0, 1.0, 1.0, 1.0, 1.0, 1.0, 1.0, 1.0, 1.0, 1.0, 1.0, 1.0, 1.0, 1.0, 1.0, 1.0, 1.0, 1.0, 1.0, 1.0, 1.0, 1.0, 1.0, 1.0, 1.0, 1.0, 1.0, 1.0, 1.0, 1.0, 1.0, 1.0, 1.0, 1.0, 1.0, 1.0, 1.0, 1.0, 1.0, 1.0, 1.0, 1.0, 1.0, 1.0, 1.0, 1.0, 1.0, 1.0, 1.0, 1.0, 1.0, 1.0, 1.0, 1.0, 1.0, 1.0, 1.0, 1.0, 1.0, 1.0, 1.0, 1.0, 1.0, 1.0, 1.0, 1.0, 1.0, 1.0, 1.0, 1.0, 1.0, 1.0, 1.0, 1.0, 1.0, 1.0, 1.0, 1.0, 1.0, 1.0, 1.0, 1.0, 1.0, 1.0, 1.0, 1.0, 1.0, 1.0, 1.0, 1.0, 1.0, 1.0, 1.0, 1.0, 1.0, 1.0, 1.0, 1.0, 1.0, 1.0, 1.0, 1.0, 1.0, 1.0, 1.0, 1.0, 1.0, 1.0, 1.0, 1.0, 1.0, 1.0, 1.0, 1.0, 1.0, 1.0, 1.0, 1.0, 1.0]
Scores: test_set[[51.57142857142857, [0, 0]]]
validave
85.8333333333
testave
51.5714285714
